teleportenabled: true
teleportauto: false
godmode: false
muted: false
jailed: false
ip-address: 127.209.176.25
afk: false
socialspy: false
npc: false
powertoolsenabled: true
accepting-pay: true
baltop-exempt: false
timestamps:
  lastteleport: 1756154572168
  lastheal: 0
  mute: 0
  jail: 0
  onlinejail: 0
  logout: 1756164869673
  login: 1756151506685
money: '0'
last-account-name: Derposito
nickname: §c§lDerp
logoutlocation:
  world: 3d3d7510-3aa1-4b52-936b-654cf20de811
  world-name: world
  x: -76.90748909241854
  y: 74.0
  z: -2.730385865261052
  yaw: -43.48291015625
  pitch: 22.28829574584961
lastlocation:
  world: 3d3d7510-3aa1-4b52-936b-654cf20de811
  world-name: world
  x: 1339.699999988079
  y: 64.0
  z: -574.0151656239235
  yaw: -60.184452056884766
  pitch: 28.75870132446289
homes:
  casa:
    world: 3d3d7510-3aa1-4b52-936b-654cf20de811
    world-name: world
    x: -67.01578114566156
    y: 75.0
    z: -4.450205883686603
    yaw: -88.97723388671875
    pitch: 21.216793060302734
  marinos:
    world: 3d3d7510-3aa1-4b52-936b-654cf20de811
    world-name: world
    x: -1250.9026005393396
    y: 63.0
    z: -2413.6993499102873
    yaw: -73.74722290039062
    pitch: 29.492717742919922
  piramide:
    world: 3d3d7510-3aa1-4b52-936b-654cf20de811
    world-name: world
    x: 817.852862840033
    y: 72.0
    z: -676.2046630076665
    yaw: -85.42733764648438
    pitch: 13.67158317565918
  oceano:
    world: 3d3d7510-3aa1-4b52-936b-654cf20de811
    world-name: world
    x: 1287.8817972333686
    y: 64.0
    z: -625.329944024368
    yaw: -28.431610107421875
    pitch: 61.658203125
  mansion:
    world: 3d3d7510-3aa1-4b52-936b-654cf20de811
    world-name: world
    x: 3869.3205442459926
    y: 71.0
    z: 3882.5981158473364
    yaw: -66.14954376220703
    pitch: 18.124610900878906
