teleportenabled: true
teleportauto: false
godmode: false
muted: false
jailed: false
ip-address: 127.101.203.244
afk: false
socialspy: false
npc: false
powertoolsenabled: true
accepting-pay: true
baltop-exempt: false
timestamps:
  lastteleport: 1756149662330
  lastheal: 0
  mute: 0
  jail: 0
  onlinejail: 0
  logout: 1756080783893
  login: 1756149407076
money: '0'
last-account-name: SamiHatesTurbine
logoutlocation:
  world: 3d3d7510-3aa1-4b52-936b-654cf20de811
  world-name: world
  x: -760.1651587628818
  y: 26.24918707874468
  z: 1185.6146770139142
  yaw: 90.7490234375
  pitch: 11.250000953674316
nickname: §c§lSamir
lastlocation:
  world: 3d3d7510-3aa1-4b52-936b-654cf20de811
  world-name: world
  x: -736.4726872106484
  y: 30.0
  z: 1141.925000011921
  yaw: -145.5015869140625
  pitch: 10.499978065490723
homes:
  home:
    world: 3d3d7510-3aa1-4b52-936b-654cf20de811
    world-name: world
    x: -62.78976433525673
    y: 73.0
    z: -17.312144319799156
    yaw: -77.2431640625
    pitch: 24.300037384033203
  aldea:
    world: 3d3d7510-3aa1-4b52-936b-654cf20de811
    world-name: world
    x: -6837.624837188195
    y: 70.0
    z: 1864.5022006654544
    yaw: -91.054443359375
    pitch: 37.4999885559082
  lalomadelorto:
    world: 3d3d7510-3aa1-4b52-936b-654cf20de811
    world-name: world
    x: -14444.445446252097
    y: 76.0
    z: 1867.3166525328736
    yaw: 1.214935302734375
    pitch: 3.749943733215332
  lejos:
    world: 3d3d7510-3aa1-4b52-936b-654cf20de811
    world-name: world
    x: 18251.31236021402
    y: 65.0
    z: 12097.537791530904
    yaw: -76.4462890625
    pitch: -3.0000059604644775
